GenOpt(R) Version 3.1.1, March 29, 2016

Lawrence Berkeley National Laboratory
http://simulationresearch.lbl.gov
Michael Wetter, MWetter@lbl.gov

GenOpt Copyright (c) 1998-2016, The Regents of the
University of California, through Lawrence Berkeley
National Laboratory (subject to receipt of any 
required approvals from the U.S. Dept. of Energy).
All rights reserved.
_______________________________________________________________

Results of GPSHookeJeeves algorithm
Start time: Tue Oct 25 09:49:58 MST 2016

All Iterations


Simulation Number	Main Iteration	Sub Iteration	Step Number	objective	Q_evap	barrier_and_penalty	barrier	penalty	mu1	mu2	m_rich	T_evap	T_cond	T_rect	T_abs_outlet	T_gen_outlet
1	1	1	1	-240.8035066523886	10.434040247388594	-230.369466405	-230.369466405	0.0	1.0	1.0	0.1	274.15	322.15	323.15	320.15	393.15	Initial point.
2	2	1	1	-250.1928641037772	20.86808049477719	-229.324783609	-229.324783609	0.0	1.0	1.0	0.2	274.15	322.15	323.15	320.15	393.15	Cost reduced     at m_rich+dm_rich.
3	2	2	1	-251.2456446169615	33.11175598096151	-218.133888636	-218.133888636	0.0	1.0	1.0	0.2	279.15	322.15	323.15	320.15	393.15	Cost reduced     at T_evap+dT_evap.
4	2	3	1	1.0	-1.0	0.0	0.0	0.0	1.0	1.0	0.2	279.15	327.15	323.15	320.15	393.15	Cost not reduced at T_cond+dT_cond.
5	2	4	1	-253.73044969458198	42.22280192758197	-211.507647767	-211.507647767	0.0	1.0	1.0	0.2	279.15	317.15	323.15	320.15	393.15	Cost reduced     at T_cond-dT_cond.
6	2	5	1	-257.94051541258193	42.22280192758197	-215.717713485	-215.717713485	0.0	1.0	1.0	0.2	279.15	317.15	328.15	320.15	393.15	Cost reduced     at T_rect+dT_rect.
7	2	6	1	-248.88395195007539	32.157716632075385	-216.726235318	-216.726235318	0.0	1.0	1.0	0.2	279.15	317.15	328.15	325.15	393.15	Cost not reduced at T_abs_outlet+dT_abs_outlet.
8	2	7	1	1.0	-1.0	0.0	0.0	0.0	1.0	1.0	0.2	279.15	317.15	328.15	315.15	393.15	Cost not reduced at T_abs_outlet-dT_abs_outlet.
9	2	8	1	-267.20293775326786	48.199108506267855	-219.003829247	-219.003829247	0.0	1.0	1.0	0.2	279.15	317.15	328.15	320.15	398.15	Cost reduced     at T_gen_outlet+dT_gen_outlet.
9	2	9	1	-267.20293775326786	48.199108506267855	-219.003829247	-219.003829247	0.0	1.0	1.0	0.2	279.15	317.15	328.15	320.15	398.15	Global search reduced cost.
10	3	1	1	1.0	-1.0	0.0	0.0	0.0	1.0	1.0	0.3	279.15	317.15	328.15	320.15	398.15	Cost not reduced at m_rich+dm_rich.
11	3	2	1	-245.56681272613392	24.099554253133928	-221.467258473	-221.467258473	0.0	1.0	1.0	0.1	279.15	317.15	328.15	320.15	398.15	Cost not reduced at m_rich-dm_rich.
12	3	3	1	-268.0197808922792	36.79141279927918	-231.228368093	-231.228368093	0.0	1.0	1.0	0.2	274.15	317.15	328.15	320.15	398.15	Cost reduced     at T_evap-dT_evap.
13	3	4	1	-265.7441926710474	27.880730694047426	-237.863461977	-237.863461977	0.0	1.0	1.0	0.2	274.15	322.15	328.15	320.15	398.15	Cost not reduced at T_cond+dT_cond.
14	3	5	1	-272.18339027327914	36.79141279927918	-235.391977474	-235.391977474	0.0	1.0	1.0	0.2	274.15	317.15	333.15	320.15	398.15	Cost reduced     at T_rect+dT_rect.
15	3	6	1	-263.74598151626134	27.410033081261346	-236.335948435	-236.335948435	0.0	1.0	1.0	0.2	274.15	317.15	333.15	325.15	398.15	Cost not reduced at T_abs_outlet+dT_abs_outlet.
16	3	7	1	-281.0234166344693	46.63829442146934	-234.385122213	-234.385122213	0.0	1.0	1.0	0.2	274.15	317.15	333.15	315.15	398.15	Cost reduced     at T_abs_outlet-dT_abs_outlet.
17	3	8	1	1.0	-1.0	0.0	0.0	0.0	1.0	1.0	0.2	274.15	317.15	333.15	315.15	403.15	Cost not reduced at T_gen_outlet+dT_gen_outlet.
18	3	9	1	-270.5888689404176	40.58429383341762	-230.004575107	-230.004575107	0.0	1.0	1.0	0.2	274.15	317.15	333.15	315.15	393.15	Cost not reduced at T_gen_outlet-dT_gen_outlet.
16	3	10	1	-281.0234166344693	46.63829442146934	-234.385122213	-234.385122213	0.0	1.0	1.0	0.2	274.15	317.15	333.15	315.15	398.15	Local search reduced cost.
19	4	1	1	1.0	-1.0	0.0	0.0	0.0	1.0	1.0	0.3	274.15	317.15	333.15	315.15	398.15	Cost not reduced at m_rich+dm_rich.
20	4	2	1	-260.08335370173467	23.31914721073467	-236.764206491	-236.764206491	0.0	1.0	1.0	0.1	274.15	317.15	333.15	315.15	398.15	Cost not reduced at m_rich-dm_rich.
21	4	3	1	1.0	-1.0	0.0	0.0	0.0	1.0	1.0	0.2	279.15	317.15	333.15	315.15	398.15	Cost not reduced at T_evap+dT_evap.
22	4	4	1	-278.941527903797	38.03503945979704	-240.906488444	-240.906488444	0.0	1.0	1.0	0.2	274.15	322.15	333.15	315.15	398.15	Cost not reduced at T_cond+dT_cond.
23	4	5	1	-276.87622957946934	46.63829442146934	-230.237935158	-230.237935158	0.0	1.0	1.0	0.2	274.15	317.15	328.15	315.15	398.15	Cost not reduced at T_rect-dT_rect.
23	4	6	1	-272.18339027327914	36.79141279927918	-235.391977474	-235.391977474	0.0	1.0	1.0	0.2	274.15	317.15	333.15	320.15	398.15	Cost not reduced at T_abs_outlet+dT_abs_outlet.
23	4	7	1	1.0	-1.0	0.0	0.0	0.0	1.0	1.0	0.2	274.15	317.15	333.15	315.15	403.15	Cost not reduced at T_gen_outlet+dT_gen_outlet.
23	4	8	1	-270.5888689404176	40.58429383341762	-230.004575107	-230.004575107	0.0	1.0	1.0	0.2	274.15	317.15	333.15	315.15	393.15	Cost not reduced at T_gen_outlet-dT_gen_outlet.
16	4	9	1	-281.0234166344693	46.63829442146934	-234.385122213	-234.385122213	0.0	1.0	1.0	0.2	274.15	317.15	333.15	315.15	398.15	Iteration step did not reduce cost. Reduce step size to '0.5'.
24	1	1	2	-105.23457497471934	46.63829442146934	-58.59628055325	-234.385122213	0.0	0.25	4.0	0.2	274.15	317.15	333.15	315.15	398.15	Iteration step did not reduce cost. Reduce step size to '0.5'.
24	2	1	2	-105.23457497471934	46.63829442146934	-58.59628055325	-234.385122213	0.0	0.25	4.0	0.2	274.15	317.15	333.15	315.15	398.15	Exploration base, Delta = 0.5.
25	2	2	2	1.0	-1.0	0.0	0.0	0.0	0.25	4.0	0.25	274.15	317.15	333.15	315.15	398.15	Cost not reduced at m_rich+dm_rich.
26	2	3	2	-93.873047991352	34.978720816102	-58.89432717525	-235.577308701	0.0	0.25	4.0	0.15	274.15	317.15	333.15	315.15	398.15	Cost not reduced at m_rich-dm_rich.
27	2	4	2	1.0	-1.0	0.0	0.0	0.0	0.25	4.0	0.2	276.65	317.15	333.15	315.15	398.15	Cost not reduced at T_evap+dT_evap.
28	2	5	2	-101.83477416768102	42.41823170993103	-59.41654245775	-237.666169831	0.0	0.25	4.0	0.2	274.15	319.65	333.15	315.15	398.15	Cost not reduced at T_cond+dT_cond.
29	2	6	2	-104.72294822471935	46.63829442146934	-58.08465380325	-232.338615213	0.0	0.25	4.0	0.2	274.15	317.15	330.65	315.15	398.15	Cost not reduced at T_rect-dT_rect.
30	2	7	2	-100.37658056696256	41.650413139462565	-58.7261674275	-234.90466971	0.0	0.25	4.0	0.2	274.15	317.15	333.15	317.65	398.15	Cost not reduced at T_abs_outlet+dT_abs_outlet.
31	2	8	2	1.0	-1.0	0.0	0.0	0.0	0.25	4.0	0.2	274.15	317.15	333.15	315.15	400.65	Cost not reduced at T_gen_outlet+dT_gen_outlet.
32	2	9	2	-101.72516909375211	43.678149903752114	-58.04701919	-232.18807676	0.0	0.25	4.0	0.2	274.15	317.15	333.15	315.15	395.65	Cost not reduced at T_gen_outlet-dT_gen_outlet.
32	2	10	2	1.0	-1.0	0.0	0.0	0.0	0.25	4.0	0.25	274.15	317.15	333.15	315.15	398.15	Cost not reduced at m_rich+dm_rich.
32	2	11	2	-93.873047991352	34.978720816102	-58.89432717525	-235.577308701	0.0	0.25	4.0	0.15	274.15	317.15	333.15	315.15	398.15	Cost not reduced at m_rich-dm_rich.
32	2	12	2	1.0	-1.0	0.0	0.0	0.0	0.25	4.0	0.2	276.65	317.15	333.15	315.15	398.15	Cost not reduced at T_evap+dT_evap.
32	2	13	2	-101.83477416768102	42.41823170993103	-59.41654245775	-237.666169831	0.0	0.25	4.0	0.2	274.15	319.65	333.15	315.15	398.15	Cost not reduced at T_cond+dT_cond.
32	2	14	2	-104.72294822471935	46.63829442146934	-58.08465380325	-232.338615213	0.0	0.25	4.0	0.2	274.15	317.15	330.65	315.15	398.15	Cost not reduced at T_rect-dT_rect.
32	2	15	2	-100.37658056696256	41.650413139462565	-58.7261674275	-234.90466971	0.0	0.25	4.0	0.2	274.15	317.15	333.15	317.65	398.15	Cost not reduced at T_abs_outlet+dT_abs_outlet.
32	2	16	2	1.0	-1.0	0.0	0.0	0.0	0.25	4.0	0.2	274.15	317.15	333.15	315.15	400.65	Cost not reduced at T_gen_outlet+dT_gen_outlet.
32	2	17	2	-101.72516909375211	43.678149903752114	-58.04701919	-232.18807676	0.0	0.25	4.0	0.2	274.15	317.15	333.15	315.15	395.65	Cost not reduced at T_gen_outlet-dT_gen_outlet.
24	2	18	2	-105.23457497471934	46.63829442146934	-58.59628055325	-234.385122213	0.0	0.25	4.0	0.2	274.15	317.15	333.15	315.15	398.15	Iteration step did not reduce cost. Reduce step size to '0.25'.
33	1	1	3	-72.68108577846934	46.63829442146934	-26.042791357	-234.385122213	0.0	0.1111111111111111	9.0	0.2	274.15	317.15	333.15	315.15	398.15	Iteration step did not reduce cost. Reduce step size to '0.25'.
33	2	1	3	-72.68108577846934	46.63829442146934	-26.042791357	-234.385122213	0.0	0.1111111111111111	9.0	0.2	274.15	317.15	333.15	315.15	398.15	Exploration base, Delta = 0.25.
34	2	2	3	208605.71374972528	52.468081224153	208658.18183094944	-233.787884591	23187.128695841184	0.1111111111111111	9.0	0.225	274.15	317.15	333.15	315.15	398.15	Cost not reduced at m_rich+dm_rich.
35	2	3	3	-66.91758149567455	40.80850761878567	-26.109073876888885	-234.981664892	0.0	0.1111111111111111	9.0	0.175	274.15	317.15	333.15	315.15	398.15	Cost not reduced at m_rich-dm_rich.
36	2	4	3	1.0	-1.0	0.0	0.0	0.0	0.1111111111111111	9.0	0.2	275.4	317.15	333.15	315.15	398.15	Cost not reduced at T_evap+dT_evap.
37	2	5	3	1.0	-1.0	0.0	0.0	0.0	0.1111111111111111	9.0	0.2	274.15	315.9	333.15	315.15	398.15	Cost not reduced at T_cond-dT_cond.
38	2	6	3	-70.77120170702656	44.54605056469323	-26.22515114233333	-236.026360281	0.0	0.1111111111111111	9.0	0.2	274.15	318.4	333.15	315.15	398.15	Cost not reduced at T_cond+dT_cond.
39	2	7	3	-72.56799841024711	46.63829442146934	-25.929703988777778	-233.367335899	0.0	0.1111111111111111	9.0	0.2	274.15	317.15	331.9	315.15	398.15	Cost not reduced at T_rect-dT_rect.
40	2	8	3	-70.19848450515275	44.12734814348608	-26.071136361666667	-234.640227255	0.0	0.1111111111111111	9.0	0.2	274.15	317.15	333.15	316.4	398.15	Cost not reduced at T_abs_outlet+dT_abs_outlet.
41	2	9	3	1.0	-1.0	0.0	0.0	0.0	0.1111111111111111	9.0	0.2	274.15	317.15	333.15	315.15	399.4	Cost not reduced at T_gen_outlet+dT_gen_outlet.
42	2	10	3	-71.09489271847808	45.174335774366966	-25.92055694411111	-233.285012497	0.0	0.1111111111111111	9.0	0.2	274.15	317.15	333.15	315.15	396.9	Cost not reduced at T_gen_outlet-dT_gen_outlet.
42	2	11	3	208605.71374972528	52.468081224153	208658.18183094944	-233.787884591	23187.128695841184	0.1111111111111111	9.0	0.225	274.15	317.15	333.15	315.15	398.15	Cost not reduced at m_rich+dm_rich.
42	2	12	3	-66.91758149567455	40.80850761878567	-26.109073876888885	-234.981664892	0.0	0.1111111111111111	9.0	0.175	274.15	317.15	333.15	315.15	398.15	Cost not reduced at m_rich-dm_rich.
42	2	13	3	1.0	-1.0	0.0	0.0	0.0	0.1111111111111111	9.0	0.2	275.4	317.15	333.15	315.15	398.15	Cost not reduced at T_evap+dT_evap.
42	2	14	3	1.0	-1.0	0.0	0.0	0.0	0.1111111111111111	9.0	0.2	274.15	315.9	333.15	315.15	398.15	Cost not reduced at T_cond-dT_cond.
42	2	15	3	-70.77120170702656	44.54605056469323	-26.22515114233333	-236.026360281	0.0	0.1111111111111111	9.0	0.2	274.15	318.4	333.15	315.15	398.15	Cost not reduced at T_cond+dT_cond.
42	2	16	3	-72.56799841024711	46.63829442146934	-25.929703988777778	-233.367335899	0.0	0.1111111111111111	9.0	0.2	274.15	317.15	331.9	315.15	398.15	Cost not reduced at T_rect-dT_rect.
42	2	17	3	-70.19848450515275	44.12734814348608	-26.071136361666667	-234.640227255	0.0	0.1111111111111111	9.0	0.2	274.15	317.15	333.15	316.4	398.15	Cost not reduced at T_abs_outlet+dT_abs_outlet.
42	2	18	3	1.0	-1.0	0.0	0.0	0.0	0.1111111111111111	9.0	0.2	274.15	317.15	333.15	315.15	399.4	Cost not reduced at T_gen_outlet+dT_gen_outlet.
42	2	19	3	-71.09489271847808	45.174335774366966	-25.92055694411111	-233.285012497	0.0	0.1111111111111111	9.0	0.2	274.15	317.15	333.15	315.15	396.9	Cost not reduced at T_gen_outlet-dT_gen_outlet.
33	2	20	3	-72.68108577846934	46.63829442146934	-26.042791357	-234.385122213	0.0	0.1111111111111111	9.0	0.2	274.15	317.15	333.15	315.15	398.15	Iteration step did not reduce cost. Reduce step size to '0.125'.
43	1	1	4	-61.287364559781835	46.63829442146934	-14.6490701383125	-234.385122213	0.0	0.0625	16.0	0.2	274.15	317.15	333.15	315.15	398.15	Iteration step did not reduce cost. Reduce step size to '0.125'.
43	2	1	4	-61.287364559781835	46.63829442146934	-14.6490701383125	-234.385122213	0.0	0.0625	16.0	0.2	274.15	317.15	333.15	315.15	398.15	Exploration base, Delta = 0.125.
44	2	2	4	9645.562299941794	49.55318782281116	9695.115487764604	-234.086585179	606.8591187086432	0.0625	16.0	0.2125	274.15	317.15	333.15	315.15	398.15	Cost not reduced at m_rich+dm_rich.
45	2	3	4	-58.391119690877495	43.7234010201275	-14.66771867075	-234.683498732	0.0	0.0625	16.0	0.1875	274.15	317.15	333.15	315.15	398.15	Cost not reduced at m_rich-dm_rich.
46	2	4	4	1.0	-1.0	0.0	0.0	0.0	0.0625	16.0	0.2	274.775	317.15	333.15	315.15	398.15	Cost not reduced at T_evap+dT_evap.
47	2	5	4	1.0	-1.0	0.0	0.0	0.0	0.0625	16.0	0.2	274.15	316.525	333.15	315.15	398.15	Cost not reduced at T_cond-dT_cond.
48	2	6	4	-60.29781097023855	45.59748934636355	-14.700321623875	-235.205145982	0.0	0.0625	16.0	0.2	274.15	317.775	333.15	315.15	398.15	Cost not reduced at T_cond+dT_cond.
49	2	7	4	-61.25565460746934	46.63829442146934	-14.617360186	-233.877762976	0.0	0.0625	16.0	0.2	274.15	317.15	332.525	315.15	398.15	Cost not reduced at T_rect-dT_rect.
50	2	8	4	-60.03553191767254	45.37844962617255	-14.6570822915	-234.513316664	0.0	0.0625	16.0	0.2	274.15	317.15	333.15	315.775	398.15	Cost not reduced at T_abs_outlet+dT_abs_outlet.
51	2	9	4	1100.5972462308216	47.35853587276946	1147.955782103591	-234.874199597	72.66471372365022	0.0625	16.0	0.2	274.15	317.15	333.15	315.15	398.775	Cost not reduced at T_gen_outlet+dT_gen_outlet.
52	2	10	4	-60.524935525027125	45.910272299839626	-14.6146632251875	-233.834611603	0.0	0.0625	16.0	0.2	274.15	317.15	333.15	315.15	397.525	Cost not reduced at T_gen_outlet-dT_gen_outlet.
52	2	11	4	9645.562299941794	49.55318782281116	9695.115487764604	-234.086585179	606.8591187086432	0.0625	16.0	0.2125	274.15	317.15	333.15	315.15	398.15	Cost not reduced at m_rich+dm_rich.
52	2	12	4	-58.391119690877495	43.7234010201275	-14.66771867075	-234.683498732	0.0	0.0625	16.0	0.1875	274.15	317.15	333.15	315.15	398.15	Cost not reduced at m_rich-dm_rich.
52	2	13	4	1.0	-1.0	0.0	0.0	0.0	0.0625	16.0	0.2	274.775	317.15	333.15	315.15	398.15	Cost not reduced at T_evap+dT_evap.
52	2	14	4	1.0	-1.0	0.0	0.0	0.0	0.0625	16.0	0.2	274.15	316.525	333.15	315.15	398.15	Cost not reduced at T_cond-dT_cond.
52	2	15	4	-60.29781097023855	45.59748934636355	-14.700321623875	-235.205145982	0.0	0.0625	16.0	0.2	274.15	317.775	333.15	315.15	398.15	Cost not reduced at T_cond+dT_cond.
52	2	16	4	-61.25565460746934	46.63829442146934	-14.617360186	-233.877762976	0.0	0.0625	16.0	0.2	274.15	317.15	332.525	315.15	398.15	Cost not reduced at T_rect-dT_rect.
52	2	17	4	-60.03553191767254	45.37844962617255	-14.6570822915	-234.513316664	0.0	0.0625	16.0	0.2	274.15	317.15	333.15	315.775	398.15	Cost not reduced at T_abs_outlet+dT_abs_outlet.
52	2	18	4	1100.5972462308216	47.35853587276946	1147.955782103591	-234.874199597	72.66471372365022	0.0625	16.0	0.2	274.15	317.15	333.15	315.15	398.775	Cost not reduced at T_gen_outlet+dT_gen_outlet.
52	2	19	4	-60.524935525027125	45.910272299839626	-14.6146632251875	-233.834611603	0.0	0.0625	16.0	0.2	274.15	317.15	333.15	315.15	397.525	Cost not reduced at T_gen_outlet-dT_gen_outlet.
43	2	20	4	-61.287364559781835	46.63829442146934	-14.6490701383125	-234.385122213	0.0	0.0625	16.0	0.2	274.15	317.15	333.15	315.15	398.15	Iteration step did not reduce cost. Reduce step size to '0.0625'.
53	1	1	5	-56.01369930998934	46.63829442146934	-9.37540488852	-234.385122213	0.0	0.04	25.0	0.2	274.15	317.15	333.15	315.15	398.15	Iteration step did not reduce cost. Reduce step size to '0.0625'.
53	2	1	5	-56.01369930998934	46.63829442146934	-9.37540488852	-234.385122213	0.0	0.04	25.0	0.2	274.15	317.15	333.15	315.15	398.15	Exploration base, Delta = 0.0625.
54	2	2	5	2288.5141908295686	48.09574112214025	2336.609931951709	-234.235875216	93.83917467841394	0.04	25.0	0.20625	274.15	317.15	333.15	315.15	398.15	Cost not reduced at m_rich+dm_rich.
55	2	3	5	-54.56222138359842	45.18084772079842	-9.3813736628	-234.53434157	0.0	0.04	25.0	0.19375	274.15	317.15	333.15	315.15	398.15	Cost not reduced at m_rich-dm_rich.
56	2	4	5	-55.31261158223039	45.90931441011039	-9.40329717212	-235.082429303	0.0	0.04	25.0	0.2	273.8375	317.15	333.15	315.15	398.15	Cost not reduced at T_evap-dT_evap.
57	2	5	5	1513.2394067361931	47.36870454215141	1560.6081112783445	-233.608494585	62.79809804246978	0.04	25.0	0.2	274.4625	317.15	333.15	315.15	398.15	Cost not reduced at T_evap+dT_evap.
58	2	6	5	1.0	-1.0	0.0	0.0	0.0	0.04	25.0	0.2	274.15	316.8375	333.15	315.15	398.15	Cost not reduced at T_cond-dT_cond.
59	2	7	5	-55.51086523674746	46.119057571787465	-9.39180766496	-234.795191624	0.0	0.04	25.0	0.2	274.15	317.4625	333.15	315.15	398.15	Cost not reduced at T_cond+dT_cond.
60	2	8	5	-56.00356828450934	46.63829442146934	-9.36527386304	-234.131846576	0.0	0.04	25.0	0.2	274.15	317.15	332.8375	315.15	398.15	Cost not reduced at T_rect-dT_rect.
61	2	9	5	-55.385238939966136	46.00726351644614	-9.37797542352	-234.449385588	0.0	0.04	25.0	0.2	274.15	317.15	333.15	315.4625	398.15	Cost not reduced at T_abs_outlet+dT_abs_outlet.
62	2	10	5	42.72327604025013	46.99937960026563	89.72265564051575	-234.660663938	3.96436328792143	0.04	25.0	0.2	274.15	317.15	333.15	315.15	398.4625	Cost not reduced at T_gen_outlet+dT_gen_outlet.
63	2	11	5	-55.639654121218115	46.27526416665812	-9.36438995456	-234.109748864	0.0	0.04	25.0	0.2	274.15	317.15	333.15	315.15	397.8375	Cost not reduced at T_gen_outlet-dT_gen_outlet.
63	2	12	5	2288.5141908295686	48.09574112214025	2336.609931951709	-234.235875216	93.83917467841394	0.04	25.0	0.20625	274.15	317.15	333.15	315.15	398.15	Cost not reduced at m_rich+dm_rich.
63	2	13	5	-54.56222138359842	45.18084772079842	-9.3813736628	-234.53434157	0.0	0.04	25.0	0.19375	274.15	317.15	333.15	315.15	398.15	Cost not reduced at m_rich-dm_rich.
63	2	14	5	-55.31261158223039	45.90931441011039	-9.40329717212	-235.082429303	0.0	0.04	25.0	0.2	273.8375	317.15	333.15	315.15	398.15	Cost not reduced at T_evap-dT_evap.
63	2	15	5	1513.2394067361931	47.36870454215141	1560.6081112783445	-233.608494585	62.79809804246978	0.04	25.0	0.2	274.4625	317.15	333.15	315.15	398.15	Cost not reduced at T_evap+dT_evap.
63	2	16	5	1.0	-1.0	0.0	0.0	0.0	0.04	25.0	0.2	274.15	316.8375	333.15	315.15	398.15	Cost not reduced at T_cond-dT_cond.
63	2	17	5	-55.51086523674746	46.119057571787465	-9.39180766496	-234.795191624	0.0	0.04	25.0	0.2	274.15	317.4625	333.15	315.15	398.15	Cost not reduced at T_cond+dT_cond.
63	2	18	5	-56.00356828450934	46.63829442146934	-9.36527386304	-234.131846576	0.0	0.04	25.0	0.2	274.15	317.15	332.8375	315.15	398.15	Cost not reduced at T_rect-dT_rect.
63	2	19	5	-55.385238939966136	46.00726351644614	-9.37797542352	-234.449385588	0.0	0.04	25.0	0.2	274.15	317.15	333.15	315.4625	398.15	Cost not reduced at T_abs_outlet+dT_abs_outlet.
63	2	20	5	42.72327604025013	46.99937960026563	89.72265564051575	-234.660663938	3.96436328792143	0.04	25.0	0.2	274.15	317.15	333.15	315.15	398.4625	Cost not reduced at T_gen_outlet+dT_gen_outlet.
63	2	21	5	-55.639654121218115	46.27526416665812	-9.36438995456	-234.109748864	0.0	0.04	25.0	0.2	274.15	317.15	333.15	315.15	397.8375	Cost not reduced at T_gen_outlet-dT_gen_outlet.
53	2	22	5	-56.01369930998934	46.63829442146934	-9.37540488852	-234.385122213	0.0	0.04	25.0	0.2	274.15	317.15	333.15	315.15	398.15	Iteration step did not reduce cost. Maximum number of step reductions reached.
53	2	23	5	-56.01369930998934	46.63829442146934	-9.37540488852	-234.385122213	0.0	0.04	25.0	0.2	274.15	317.15	333.15	315.15	398.15	Minimum point.
