NH3H2O
                             T    P    x        h        s        u          v        Qu
-------------------------  ---  ---  ---  -------  -------  -------  ---------  --------
rich_abs_outlet            400   10  0.5  1107.51  3.63631  1014.08  0.0934303  0.507665
rich_pump_outlet           400   10  0.5  1107.51  3.63631  1014.08  0.0934303  0.507665
rich_shx_outlet            400   10  0.5  1107.51  3.63631  1014.08  0.0934303  0.507665
rich_gen_sat_liquid        400   10  0.5  1107.51  3.63631  1014.08  0.0934303  0.507665
weak_gen_outlet            400   10  0.5  1107.51  3.63631  1014.08  0.0934303  0.507665
weak_shx_outlet            400   10  0.5  1107.51  3.63631  1014.08  0.0934303  0.507665
weak_exp_outlet            400   10  0.5  1107.51  3.63631  1014.08  0.0934303  0.507665
gen_vapor_outlet           400   10  0.5  1107.51  3.63631  1014.08  0.0934303  0.507665
gen_reflux_inlet           400   10  0.5  1107.51  3.63631  1014.08  0.0934303  0.507665
refrig_rect_outlet         400   10  0.5  1107.51  3.63631  1014.08  0.0934303  0.507665
refrig_cond_outlet         400   10  0.5  1107.51  3.63631  1014.08  0.0934303  0.507665
refrig_cehx_liquid_outlet  400   10  0.5  1107.51  3.63631  1014.08  0.0934303  0.507665
refrig_exp_outlet          400   10  0.5  1107.51  3.63631  1014.08  0.0934303  0.507665
refrig_evap_outlet         400   10  0.5  1107.51  3.63631  1014.08  0.0934303  0.507665
refrig_cehx_sat_vapor      400   10  0.5  1107.51  3.63631  1014.08  0.0934303  0.507665
refrig_cehx_vapor_outlet   400   10  0.5  1107.51  3.63631  1014.08  0.0934303  0.507665
rectifier_liquid           400   10  0.5  1107.51  3.63631  1014.08  0.0934303  0.507665
gen_vapor_formation        400   10  0.5  1107.51  3.63631  1014.08  0.0934303  0.507665

name          unit      value
------------  ------  -------
Q_abs         W             0
Q_gen         W             0
Q_cond        W             0
Q_evap        W             0
W_pump        W             0
m_rich        kg/s          1
m_weak        kg/s          0
m_gen_vapor   kg/s          0
m_gen_reflux  kg/s          0
m_refrig      kg/s          0
                                 T         P         x          h         s          u           v           Qu
-------------------------  -------  --------  --------  ---------  --------  ---------  ----------  -----------
rich_abs_outlet            310.15    4.95842  0.516319   -73.3924  0.39369    -74.0037  0.00123283   0
rich_pump_outlet           310.312  15.007    0.516319   -71.8442  0.394689   -73.6936  0.00123237  -0.001
rich_shx_outlet            351.235  15.007    0.516319   122.249   0.980631   119.477   0.00184706   0.00529894
rich_gen_sat_liquid        350.815  15.007    0.516319   113.61    0.95617    111.651   0.00130552   0
weak_gen_outlet            374.15   15.007    0.392795   226.277   1.26127    224.375   0.00126746   0
weak_shx_outlet            320.111  15.007    0.392795   -17.3975  0.558457   -19.1644  0.00117742  -0.001
weak_exp_outlet            320.296   4.95842  0.392795   -17.3975  0.562153   -17.9818  0.00117827  -0.001
gen_vapor_outlet           350.815  15.007    0.9888    1421.41    4.56943   1266.06    0.103522     1
gen_reflux_inlet           350.815  15.007    0.516318   113.608   0.95616    111.648   0.00130552   0
refrig_rect_outlet         313.65   15.007    0.999869  1299.17    4.20264   1168.41    0.0871322    1.001
refrig_cond_outlet         311.85   15.007    0.999869   184.475   0.636894   181.884   0.00172641   0
refrig_cehx_liquid_outlet  295.058  15.007    0.999869   102.848   0.368091   100.376   0.00164695  -0.001
refrig_exp_outlet          277.061   4.95842  0.999869   102.848   0.382054    93.653   0.0185432    0.0676748
refrig_evap_outlet         278.45    4.95842  0.999869  1273.57    4.5892    1147.85    0.25414      0.998
refrig_cehx_sat_vapor      283.949   4.95842  0.999869  1290.09    4.64658   1160.92    0.260509     1
refrig_cehx_vapor_outlet   310.071   4.95842  0.999869  1355.2     4.86531   1210.95    0.290926     1.001
rectifier_liquid           313.65   15.007    0.949973   156.292   0.664603   153.798   0.00166202   0
gen_vapor_formation        374.15   15.007    0.957957  1516.75    4.82893   1348.38    0.112192     1

name          unit         value
------------  ------  ----------
Q_abs         W       0
Q_gen         W       0
Q_cond        W       0
Q_evap        W       0
W_pump        W       0
m_rich        kg/s    0.4
m_weak        kg/s    0.31861
m_gen_vapor   kg/s    0.0832967
m_gen_reflux  kg/s    0.00190674
m_refrig      kg/s    0.08139
